 1 [109,1,204,-1,1001,100,1,100,1008,100,16,101,1006,101,0,99] outputs itself
 2 [1102,34915192,34915192,7,4,7,99,0] outputs 1219070632396864
 3 [104,1125899906842624,99] outputs 1125899906842624
  4 [109,1,203,11,209,8,204,1,99,10,0,42,0] outputs input if ok, 42 if 209 is bugged
 5 [109, -1, 4, 1, 99] outputs -1
*  6 [109, -1, 104, 1, 99] outputs 1
 7 [109, -1, 204, 1, 99] outputs 109
 8 [109, 1, 9, 2, 204, -6, 99] outputs 204
 9 [109, 1, 109, 9, 204, -6, 99] outputs 204
10 [109, 1, 209, -1, 204, -106, 99] outputs 204
11 [109, 1, 3, 3, 204, 2, 99] outputs the input
12 [109, 1, 203, 2, 204, 2, 99] outputs the input


